{
  "metadata": {
    "date": "2026-02-08 08:14:23",
    "num_images": 70,
    "image_size": [
      640,
      480
    ],
    "chessboard_size": [
      8,
      6
    ],
    "square_size": 0.036,
    "stereo_rms_error": 0.4777110856164703,
    "resolution": [
      640,
      480
    ],
    "baseline_cm": 7.0102760945444125,
    "focal_length_px": 1023.6654109507442,
    "capture_interval": 1.5,
    "translation_vector": [
      0.07008621296408789,
      0.001454483235952639,
      0.00045202106470567586
    ]
  },
  "K1": [
    [
      930.1367556056413,
      0.0,
      319.77159669369263
    ],
    [
      0.0,
      932.265658786508,
      234.34978996036605
    ],
    [
      0.0,
      0.0,
      1.0
    ]
  ],
  "D1": [
    [
      -0.02153166063926113,
      0.26734001299041205,
      0.0,
      0.0,
      0.0
    ]
  ],
  "K2": [
    [
      925.8019544020605,
      0.0,
      319.8750065615989
    ],
    [
      0.0,
      927.2604689626036,
      234.10308308815928
    ],
    [
      0.0,
      0.0,
      1.0
    ]
  ],
  "D2": [
    [
      -0.03879895501012425,
      0.4045571382799316,
      0.0,
      0.0,
      0.0
    ]
  ],
  "R": [
    [
      0.9978661981384856,
      -0.06255767832696807,
      -0.018697259023289767
    ],
    [
      0.06224713326449992,
      0.9979201336682941,
      -0.016754140377994425
    ],
    [
      0.019706471348163508,
      0.015554539587964166,
      0.9996848059689666
    ]
  ],
  "T": [
    [
      0.07008621296408789
    ],
    [
      0.001454483235952639
    ],
    [
      0.00045202106470567586
    ]
  ],
  "R1": [
    [
      0.9990492111841691,
      -0.041737895077405655,
      -0.012594512566867545
    ],
    [
      0.041634705475307406,
      0.9990980308653744,
      -0.00834721635731195
    ],
    [
      0.012931547945776459,
      0.007814911096029517,
      0.999885844600416
    ]
  ],
  "R2": [
    [
      0.9997639467956319,
      0.02074787378323049,
      0.006447978062622476
    ],
    [
      -0.020799317902362762,
      0.9997515320036695,
      0.008016397639349549
    ],
    [
      -0.006280052740015468,
      -0.00814861888855123,
      0.9999470790735836
    ]
  ],
  "P1": [
    [
      1023.6654109507442,
      0.0,
      323.0669059753418,
      0.0
    ],
    [
      0.0,
      1023.6654109507442,
      234.49994468688965,
      0.0
    ],
    [
      0.0,
      0.0,
      1.0,
      0.0
    ]
  ],
  "P2": [
    [
      1023.6654109507442,
      0.0,
      323.0669059753418,
      71.76177159199983
    ],
    [
      0.0,
      1023.6654109507442,
      234.49994468688965,
      0.0
    ],
    [
      0.0,
      0.0,
      1.0,
      0.0
    ]
  ],
  "Q": [
    [
      1.0,
      0.0,
      0.0,
      -323.0669059753418
    ],
    [
      0.0,
      1.0,
      0.0,
      -234.49994468688965
    ],
    [
      0.0,
      0.0,
      0.0,
      1023.6654109507442
    ],
    [
      0.0,
      0.0,
      -14.26477340568979,
      0.0
    ]
  ]
}