{
  "metadata": {
    "date": "2026-02-05 21:56:41",
    "num_images": 70,
    "image_size": [
      640,
      480
    ],
    "chessboard_size": [
      8,
      6
    ],
    "square_size": 0.036,
    "stereo_rms_error": 0.5849358807464543,
    "resolution": [
      640,
      480
    ],
    "baseline_cm": 7.133847409550934,
    "focal_length_px": 1048.7448256985053,
    "capture_interval": 1.5,
    "translation_vector": [
      0.07132806934233758,
      -1.03477410713444e-05,
      -0.0012183197833872054
    ]
  },
  "K1": [
    [
      919.2979468407352,
      0.0,
      323.8060641228222
    ],
    [
      0.0,
      921.1326393919973,
      235.7574447726527
    ],
    [
      0.0,
      0.0,
      1.0
    ]
  ],
  "D1": [
    [
      0.019036132505049434,
      0.02177228597781185,
      0.0,
      0.0,
      0.0
    ]
  ],
  "K2": [
    [
      913.3124922771893,
      0.0,
      332.7524211575464
    ],
    [
      0.0,
      914.1908412966504,
      239.10051494415447
    ],
    [
      0.0,
      0.0,
      1.0
    ]
  ],
  "D2": [
    [
      0.04901645099206632,
      -0.11755306874594419,
      0.0,
      0.0,
      0.0
    ]
  ],
  "R": [
    [
      0.9973504887030012,
      -0.07266592696421698,
      -0.00341551494151275
    ],
    [
      0.0726732025248912,
      0.9973536868040147,
      0.00205646619605781
    ],
    [
      0.00325704139684482,
      -0.0022992339747108085,
      0.9999920525706536
    ]
  ],
  "T": [
    [
      0.07132806934233758
    ],
    [
      -1.03477410713444e-05
    ],
    [
      -0.0012183197833872054
    ]
  ],
  "R1": [
    [
      0.997138859462206,
      -0.07276072972697792,
      -0.02049319789609291
    ],
    [
      0.07278937837339905,
      0.9973471201051605,
      0.0006545333886269719
    ],
    [
      0.020391207576426224,
      -0.0021443478123550825,
      0.9997897781163972
    ]
  ],
  "R2": [
    [
      0.9998541494852018,
      -0.00014505133734113616,
      -0.017078018542366617
    ],
    [
      0.00012113353699763853,
      0.9999990105222271,
      -0.0014015281777438103
    ],
    [
      0.017078204937583368,
      0.0013992550433466354,
      0.9998531777223262
    ]
  ],
  "P1": [
    [
      1048.7448256985053,
      0.0,
      347.6928901672363,
      0.0
    ],
    [
      0.0,
      1048.7448256985053,
      238.01333618164062,
      0.0
    ],
    [
      0.0,
      0.0,
      1.0,
      0.0
    ]
  ],
  "P2": [
    [
      1048.7448256985053,
      0.0,
      347.6928901672363,
      74.81585558089228
    ],
    [
      0.0,
      1048.7448256985053,
      238.01333618164062,
      0.0
    ],
    [
      0.0,
      0.0,
      1.0,
      0.0
    ]
  ],
  "Q": [
    [
      1.0,
      0.0,
      0.0,
      -347.6928901672363
    ],
    [
      0.0,
      1.0,
      0.0,
      -238.01333618164062
    ],
    [
      0.0,
      0.0,
      0.0,
      1048.7448256985053
    ],
    [
      0.0,
      0.0,
      -14.01768137991262,
      0.0
    ]
  ]
}